x=[0.10033 0.20271 0.303934 0.42279 0.54630];
y=[0.1 0.2 0.3 0.4 0.5];
newtondifdiv(0.4, x, y)